242685123
369041312
335077688
396393719
780994229
716714075
391133557
282840897
458527214
876254572
104995759
556593206
155859387
20913646
834490468
857561281
624640519
851464268
185536498
708078890
656436207
960077627
351523803
680688988
940168363
341293329
723298609
292231688
503898961
977452658
474076981
602780863
531064330
125545699
604619906
936060728
244803342
902832195
489742949
359848691
778719990
676866922
867085952
726677333
713216791
41499718
346661893
254249136
937563647
995522487
199518686
192091088
156462416
550462866
743699498
972085927
166700607
301643269
319280818
721652559
572537696
995498855
962406158
350142728
912944119
715058808
443034010
738863284
16414591
272718215
709381728
168516609
310489594
732042671
366747212
732433733
38252780
415738725
572943248
224131143
932847627
946040776
543973802
844118218
283415680
76638590
41461316
352121886
857398172
707078206
837057636
909985590
638869051
266633538
923847673
221055947
268435115
518353316
647527092
672606286
915231855
695155475
212983128
258029047
791647591
311692091
306305930
500489730
293541502
413534364
967533312
628153761
127077969
726128475
396408593
847370947
60240452
931939664
346832385
912882086
915338254
910643403
8143161
746407936
49022055
824026956
244809828
601669904
237465277
783077354
153218646
249391481
875914173
976964635
348407933
283343412
515831267
830729999
892846402
513493871
112861116
111396298
157214252
728256982
622200350
193310663
405284224
22117326
482434303
366866802
371394041
590976493
185680541
989096755
471616180
761744786
555426350
521679347
580207574
560557287
252506822
732339573
297235220
641637406
665389313
64483331
920633183
783056199
434587204
809483476
44170656
892110157
100035280
896807413
765981727
870133769
985260488
236208901
159975402
3257353
822128761
355494040
437306479
204797118
168305798
271589677
297105796
192318392
508862840
349202116
237017301
328260495
842857659
10727018
676278228
506874542
753516409
622395964
599285942
246570385
613077451
68758843
380621452
695242661
894787131
892963175
754273945
935909750
564718953
839575054
267071644
921270084
876548983
984192650
35066255
968170301
193849598
744964677
821410386
899932552
157670674
147039269
776193498
522253693
209984771
106709730
241741928
58586856
399581867
757708316
526355541
254196381
726276570
905944439
809840394
540414503
30544267
416321719
51371163
766397338
677535858
766815207
801899711
203890480
698043808
487525706
768823613
732392554
789172529
436876248
718086004
770723751
895370109
631645079
349487327
655001402
60779620
896718726
193180464
969158779
776203570
100628536
95131283
130308909
415720177
543196237
499320785
724926205
91415446
403729440
764893787
851341890
328270270
330181839
986399323
106924222
77130274
28666250
98741391
206862633
263171313
805254073
981109122
942881716
266856896
61742401
883201631
998963522
824353873
691526726
708871780
56760284
316946653
544168629
669609424
955437408
776055617
24702015
70767785
181080342
3461
154270272
553824167
932740881
546063814
381436297
92406406
764115663
938831221
639334644
55482240
873303501
398716598
967633953
697752755
199812185
427363143
757969502
703305812
784696264
485273522
738114301
140483890
91259638
444974743
805672331
135834589
125205082
913187777
2021315
949882600
22230735
554121501
555128827
410550861
882573206
769391200
338557489
893513930
496296455
308813821
851505066
96577388
373716305
91504758
47202966
429691033
238786167
58231785
918176037
696887442
212520784
990033393
876890388
213991703
760987886
144110886
473061535
900638533
592038824
887139705
351487379
150262462
360208063
106936932
866773115
34807235
329385751
855460062
614151023
454376207
887532670
992887071
901784371
767487110
835257515
955589723
358118611
121831643
753777460
934360437
834441577
371712227
672996195
645638554
108569853
798307775
188767939
524738759
742038019
920802381
663254161
278501155
804356196
764358459
832452882
190846000
783456260
750367606
665132294
272285731
689189640
633661493
223788946
796685112
440775848
300686700
288458533
906789291
508262271
938874719
930682876
970850844
815631875
523615605
476144155
846545435
298262162
597362847
849390569
663381608
302044165
784385636
750495395
348963938
308649202
214035182
828925494
963647042
411808367
74315502
347436713
277042780
218606810
534812724
798382289
772393535
844766787
283618148
41112562
514752802
597456812
816187485
469524001
953205307
980193792
167695014
65088434
822725749
482930260
853933474
54183545
904336627
119085680
981763537
893450080
896760602
910003479
180707608
505348019
943793460
409787604
468914229
728096366
945603863
937315342
730453396
897183592
720084556
790108127
659302713
259224984
907649722
993238452
520672897
774428659
369648013
782473944
176119693
267232061
562364373
237657020
296351272
299804830
291425786
837222832
442192525
381517273
696504365
302216854
932114278
174629473
505982891
471749574
759921207
65350746
362312077
436166117
134469560
225688935
247483525
658700230
976239151
167881775
517658465
912288057
169986523
66453530
113925020
21184087
95536401
419463436
103098541
434156910
214989230
570687002
471407451
72396648
614460108
555233603
751621967
317668499
387668612
69103739
986583387
401310068
125546727
454269620
224069268
885992090
342766064
848517659
838279414
736738711
190927738
595283444
296942154
862529675
318824485
165163338
777523102
989358000
523650563
380426911
995992015
628204250
656621740
258258721
111979283
784318857
308356114
304292129
644279056
639455948
929759215
299083672
664761821
200928978
868695678
874240612
800855126
805808625
462783409
267057507
751745416
526754518
761563090
40678661
150377658
575664826
334711747
922936401
733718591
637057699
792974398
755934135
747222321
247172814
71828945
662418797
676757200
727879889
873660733
502877593
498557280
85505838
322779606
651892251
168347970
769115812
684142976
980838853
419746941
458705394
224529095
541175618
249680507
641263111
784599981
107063293
433614188
775418020
97180635
829618224
286275947
653141915
257437695
680515634
287867617
412758841
292619788
792149625
581005751
755556902
155157063
899416780
17570863
994896357
32059735
882860872
34329365
687218008
486766429
886185553
326283154
559705091
289783042
953763407
56533071
33432166
647383159
316519265
262334618
2547147
677392365
533776331
270669498
891095966
286774820
191152727
210162428
452346867
868950258
649324099
601019650
552673144
338729261
65779074
860740719
931503105
329738093
921649651
575462306
460477808
172152724
957402104
204212162
819125828
24665125
555337237
441664796
926238749
510522889
931935113
280065138
955815917
953878262
678878827
183043094
409656599
702504941
512959344
329276871
566028923
765361154
909585670
639579974
923948014
88631668
345295806
860072428
279649525
646875207
236005890
91749964
484859825
596660433
687845586
487870262
180429028
110132306
703881090
600546464
305605149
206047884
926203637
620995751
89169278
820426691
864583468
553976315
910897009
734903038
915095065
82256514
737097479
118238368
685439320
573959449
9753487
611255059
723792766
41934195
396863648
255835493
735528527
412278128
297064938
19759759
94241277
510811948
85594873
356863954
45654345
938575279
24662776
637902183
623648378
998062982
72890205
912290154
450602669
624082268
239502121
804165569
802582448
89557694
504206971
828990521
754819722
24857
315409899
646525107
78301309
506336896
634157237
250323319
568382346
757638267
350574732
821049375
987193381
23139804
668097242
682858672
347863653
293681805
781266404
12124926
283715814
845120222
773396999
58606294
905173262
483257695
79530582
243119975
364479475
505683583
43102832
391537347
11016479
815440662
786298204
800916857
618970519
271918593
904986746
327742803
892417615
32526077
549972231
613703229
63783759
943350201
985636609
64067839
788945326
309158803
612185956
80364535
209604819
417923922
368869781
632291943
461540589
254476114
90643571
657042224
442374430
558408569
377232541
553233968
662558978
710029416
685977664
277413546
584147871
932773202
544134926
193184263
320612057
240716265
454819143
524818682
521518908
230801748
387728803
647099148
382434376
952848267
466378317
220252575
630481551
810492264
97456362
525417688
565468370
214048114
88328758
704323085
816507311
810752147
829267383
810668008
1608813
127082114
33286327
733703491
561412565
70494096
575429507
365070043
533776331
486942477
67021961
440110564
29979158
982673201
172154584
315109003
457415508
151965233
762583249
318725733
652700832
977709380
204707021
500488545
156485087
264043884
89129109
910970006
672052408
850055457
467602913
641768221
739878061
179080879
399264938
868918080
480938431
711808696
397425881
253440151
300394091
753128316
251496850
892821631
526634719
464959832
832956565
552860599
676394849
366359613
31311156
523972357
486106368
942560972
780170558
168898038
108238039
642464485
211433593
435954160
368708607
578907552
762854483
470438762
688789199
902669883
291642321
187267937
823958707
216673098
654416922
237042471
743431558
348999851
260140727
478033598
106210632
574318217
202575245
546548379
650015069
251690800
872802964
291812630
758342525
250225093
189389174
429209828
512109971
880702329
560120790
307372253
395195529
588222541
820444882
617731169
586145408
777211545
754435792
348579697
935871531
122213835
968117033
443459450
238559829
218731351
832400288
967234284
435613212
401688871
574545336
608711715
981651417
68916225
598590100
197501317
350124380
84835771
330807093
81596621
207637598
954869647
947034890
618637249
407728171
57949226
833580122
966717683
388463019
175849856
908659550
315963110
277008595
299487972
232561190
239659957
18247690
771084335
753537205
627316808
35914143
633316602
662984131
9633071
579177568
545731747
545749451
476767127
280587334
519576576
756921923
815817706
68521549
866655480
26489218
413267703
455877039
760316345
97595287
903991840
7075400
884711775
492799387
300746013
370561968
163909146
493716970
867847004
951
799356199
431286128
225021537
285726290
954891530
867024671
587902474
399982464
755169827
57880123
496316972
452136292
657587430
805613529
775782148
349412688
124921125
408282180
691464395
483786030
839510895
940429535
190515431
812725933
762678366
553891492
775946908
930293232
805783995
32419265
610454451
234636603
587366711
964171370
343143879
571611483
439413850
610663479
248957734
735338593
461463172
213089981
752637832
431816730
467263254
735284647
72732501
425102815
77847603
887550430
654983027
702745967
639184375
764200515
809804615
752243316
381849933
23738929
773557787
729698737
793758330
194756606
991519308
523063979
797102104
325095
608817930
316874209
616894119
562839903
611905084
735989722
348042813
125567157
350968711
128388755
913882623
993751273
211731170
982167866
434850685
385041734
924662434
100891430
225162904
523589873
527964760
773683759
540048471
826148495
177865408
938271137
331122898
271484064
497938460
88960269
969851167
433374126
773410920
439366007
366391036
281136055
646525107
970791843
373718741
908198390
530416472
439045888
312233460
416205
411622979
919494951
375671999
189035793
55411197
843200036
416218927
168221437
922418386
344422018
865081606
501815423
458008947
900476424
600287022
286687213
475726884
614684518
764663789
824805435
697018534
842543268
571697203
347599046
786289529
16215553
736057680
735085130
795170437
928154410
816900288
143294225
600315212
904461302
282236940
721608977
417374263
581060631
11085333
311784754
307985509
337678508
191433790
628198819
829459947
110299999
141702321
94705634
664786168
26887434
124881863
323954203
279950644
43710564
249387520
916254083
594626816
716138064
222634745
723495067
747671205
662684157
515019933
423965811
556801774
148129277
489333519
872988391
429822270
943395091
830458774
191621448
546432359
122003737
660894370
351825037
807569788
976767149
898890444
139428920
637676810
640257185
219571230
247523491
427524451
522084341
220950231
657742947
819792303
283185050
351365714
398594953
398338203
409859078
674726163
773169839
432166269
873979384
733990728
600452385
993858064
995003028
983475583
483150036
217834625
811564388
122128183
276873336
44988407
674490000
684849475
760469852
296561385
144450313
544532454
857490478
727300705
12428535
132732906
833084602
865655511
454951255
241885336
421079862
803839956
972916914
397422002
314009844
673359525
612893502
838245970
893496461
970912626
45855162
777840113
572911466
948920967
994625349
825000447
986252565
260330690
255096590
652191990
811100300
86743009
163365428
253431863
434909891
156228275
224765901
444486197
715066360
802301625
23233830
276544969
292448911
917759191
966861528
473646068
313839371
474077270
492829058
798607512
669840709
831258906
675784562
109991544
336574895
963876364
237005352
271185339
476459710
510725942
240268837
834643117
433797300
166224184
526574767
152415806
612364605
65093730
344156513
628754842
303509155
490968381
9672264
135575030
853468316
277352360
610280891
865578057
291613981
291611336
243308726
787362628
828483314
209480027
513404005
931332966
430594771
178710602
678481726
692296142
408378369
101784628
547078207
944494826
971592547
803914279
484735024
97271578
186353773
2395050
612600480
597610340
180914213
41649901
285180065
234667031
303073462
147828464
943741075
168427065
611180310
974987360
436005949
666503493
922778487
858047717
322320028
796045338
507969321
233820113
900984559
852317324
330913292
552386292
485233878
865385267
238402172
132285548
668645298
259586249
282400549
321698379
328275090
563905992
335216849
521645159
936119452
31267417
8079671
792046738
876703647
596427132
118722031
227237951
954941886
834668967
568135281
884187982
595110275
95087081
535574917
702640946
278012600
164256150
562522102
541359967
588021818
235241305
886325663
786918241
757117468
962142771
796878153
389090265
506155
4926451
176102573
534185820
292037422
887616253
169708634
314829068
508349466
643814991
147597
166842940
659620533
190113191
119852186
824204512
509749749
254745868
694815999
161453869
978076239
231137726
431910172
889170593
453417426
242022465
89270888
569690564
204962169
616539143
221077147
476307495
444273427
675820949
343638801
30219583
162646759
896887900
112835964
942620932
166644594
160928215
112235756
220892599
868154195
593182260
76132564
814391413
140027091
167843465
911793082
66118298
993221568
660155764
361198252
594301825
66304087
503712372
476529434
30126255
130606012
769770928
843830644
826990473
924930735
126277471
702045173
221207489
404014718
447700512
972953240
762825918
485365320
416408628
67749967
352462961
19454337
299152530
429923225
480517302
379891443
694430207
626314408
911907093
947874997
81388695
274509379
857809314
275445534
689441267
960209998
562386130
302939473
477325263
478967743
136263527
235708408
745119875
502058860
752205723
971746112
128778361
6055925
376569406
898156826
440036986
957240310
91560459
362990253
325742374
618522827
387754756
129602832
989663412
812863428
282870919
121478710
324429141
539928812
940184346
486951839
869565529
537897746
18320190
177560603
720591240
89612676
858213841
253188049
714348016
286245741
680172697
783127167
842156578
816897842
991134538
807648418
636401304
19096781
857732419
756225777
393139266
437947663
623546566
149856636
238491613
680118716
546127271
236735808
914346993
127731274
424967140
773321416
902977559
925263978
435771142
420014308
665437326
208487756
195794648
80171792
943115772
135437191
215380272
191096990
880097584
874530406
7874833
704752447
251842410
383383995
138024141
785455210
741591856
976682225
61516518
38850823
554162349
575343721
439428216
993706662
811341630
505970834
926521268
511423532
475765781
730170133
655522201
880728171
456827115
521796700
525661426
770996454
607452044
393272581
371650592
390089102
362307898
913430461
591329616
660376275
210307671
105267070
99516659
116402693
732195187
142055949
755823410
855438665
801611273
576508872
405
770506950
25638305
897991584
316830472
35555216
701330960
754859179
781447320
911121418
331740039
270724800
483456856
829414678
340304541
84921291
882306431
227663682
317215089
552726195
143938309
481247663
50945610
821567258
905088514
529625961
98491562
932577059
28624029
361665522
501560976
252198214
927945884
1887
475098991
404323336
447497087
374731373
221355574
337305545
77556319
670882214
320035920
956345963
473103417
611096015
954776930
926564242
992688806
220355455
761149008
572280300
564657696
848789721
802090827
655433269
426781573
715407697
945856203
770181036
465139982
906787300
517190346
81936285
362164780
597115355
463637651
331736022
999440295
7859536
124704398
182641983
721212586
790269170
520272376
881253294
150373916
505316707
127367172
220871155
824112221
332291652
328916141
617157372
938893816
99404258
703501858
655322174
379387755
738663181
151222176
346812360
57683979
851851296
842388282
18152443
698549561
512705272
655097534
305307486
903901159
166168994
877344488
428958175
854492038
838682907
294917642
807829456
559025527
863833455
167092098
759168648
853557539
84826006
527605404
851479015
201302081
969011466
170400042
731250000
358267053
249210606
215746657
338301142
927576923
854235778
906140378
510493619
815852343
859016973
216985979
565332420
548332533
624257853
205289774
12002139
576152120
767922306
153912138
750246566
382161524
408110699
834992954
395751554
924783940
414628242
909307490
124418917
896496570
394908509
855208491
806082869
62272608
659727053
525836947
177073415
249855049
535408433
915108985
510126806
230692215
671290833
899449427
387667914
251963789
555745796
293788115
983095250
993646750
877531059
68238125
253171724
595660513
88150599
761372561
874269064
630312596
752763069
388303250
67341423
305284650
165576136
546930044
846139224
887046570
943607322
1571898
339289911
369692811
501954809
635343793
598125022
996514271
314117261
827015672
131444788
362715481
752465034
931496627
477593044
749614716
380587556
462717461
581639972
325781750
510640020
616857869
358578125
835884614
962401329
265162477
828538811
605668735
877003187
397338118
848617198
250222036
687416654
618997506
838412590
141809556
136631184
13844751
546335455
9848200
859223837
647238615
458999159
520700287
296474054
221898519
817622568
279991516
639572521
626829687
676099380
281485998
473113543
388597985
781471873
969124621
270157017
818198707
737437782
663274842
988295306
640783912
647008454
569293844
336900396
467231334
299822779
22426693
632260395
583768696
120228388
916294993
839468000
809932455
377575106
960164207
703084338
588158335
187273311
704781351
999453078
599161840
764000197
231290502
211273981
324569383
183793526
325853208
323849711
313429244
625424903
372763169
136202261
808803597
777572391
736260627
512393440
931780622
597888209
852084416
416289098
953391366
813892752
15650374
232128046
53858058
751704136
837803939
988399438
153996196
188004261
730333339
408355196
208442381
686128548
884972690
487918869
17987214
966416653
46448661
813333200
662479353
244121078
657493528
155544255
661865136
87436753
554319636
886633977
290547274
527017296
922370527
961275417
332256833
20816510
485831733
494158409
614601478
733165045
207052667
849522907
989778377
824330855
673036912
671085927
93786136
984374926
250099644
766849017
772992237
364153393
181805534
428226607
631513252
486555130
352653164
455413787
373510614
599622105
878846554
775223247
471965078
603630791
219857685
670417422
252767371
566994526
313247895
805154146
545366636
149474474
302751979
749314749
891369007
373811809
32935066
138434347
369153676
172267338
669382276
587599831
377586599
268301530
992549375
493080789
940056579
381137457
629844019
722244726
671307495
544759913
771823940
806868208
453116058
959578868
5107217
230011376
521480117
545313024
68700167
125266230
760743691
871123984
592898772
664624005
846209929
571779859
310838269
130235694
40005994
699340934
537041628
597210585
