2000
1255 1275
1886 1955
1287 711
718 168
1344 1445
1993 972
1648 1695
762 182
152 1312
1313 746
1861 1121
1915 839
939 172
365 1725
237 1298
1500 668
1659 264
1804 183
984 1835
1570 824
422 292
1400 381
977 1367
1054 992
693 1461
679 324
860 1890
1319 427
1864 369
486 564
521 1051
1233 1714
204 686
62 600
1921 178
154 1521
743 567
770 1372
1926 314
586 564
1656 918
1724 221
613 1479
304 714
665 475
244 1196
884 753
1097 501
271 643
1579 1403
1910 1151
1258 1000
1062 1344
1321 349
1187 1821
739 903
1302 935
1813 1146
771 774
1899 1097
579 1917
971 360
674 1881
1080 1033
710 57
1716 1602
746 327
1958 384
1527 1157
19 1909
334 1923
108 1836
68 237
1524 925
1098 1616
1261 1612
728 77
366 764
502 470
498 193
455 1318
127 227
210 1373
1474 319
686 745
1668 1495
25 416
1755 1625
1445 954
448 493
128 1787
1464 1287
574 702
465 1085
277 237
651 1299
245 780
704 306
1714 1990
657 1399
671 832
1215 423
681 265
435 784
317 1267
922 43
1079 1595
673 1278
520 963
1800 766
1666 1250
598 945
964 1185
1466 1713
1069 374
1993 653
1310 29
104 1689
369 1810
199 1414
1152 1644
168 253
51 371
844 1092
1530 1090
505 1459
1171 1608
1289 1568
1800 1400
1025 1046
1144 1680
524 1780
192 598
4 258
1398 1726
685 1743
1298 489
254 1206
537 1176
860 1598
1720 750
661 1040
1977 195
806 372
773 1204
1338 116
1990 1128
591 978
1528 94
1286 1317
1420 1618
1415 543
263 1982
1615 1562
1741 1293
151 1584
1622 731
418 1194
1947 1384
1490 320
1456 811
1272 1119
1565 1459
1142 1337
154 1577
67 183
406 641
90 1209
1380 1680
1951 477
1331 1399
1440 526
1001 1597
1475 1108
859 1755
898 1961
635 1536
111 428
271 565
1317 958
1386 1835
814 58
377 480
1131 1138
44 65
435 1428
1646 521
330 187
1635 1048
1741 1330
142 1119
1096 1907
1580 1095
1044 1886
1632 177
1904 805
476 392
699 388
648 1171
188 1950
115 1638
1534 546
1283 264
619 909
362 1568
179 1961
1031 264
1673 738
1318 1700
122 1417
550 1788
251 626
1940 1828
335 584
73 1036
1874 401
877 884
852 380
246 1176
1733 726
561 1817
1193 779
283 763
633 26
333 1483
1446 1154
1090 1273
1162 744
471 1715
1197 1883
430 1842
33 862
1694 1661
698 1476
954 1083
125 1643
1068 1847
1428 1470
1246 220
1692 78
1925 479
395 1340
1755 396
305 493
551 1737
1322 1871
1531 279
524 491
170 70
148 80
692 1928
1975 623
1887 1598
456 1190
964 158
165 1748
339 774
1566 1403
1571 315
1251 995
1418 1722
1209 1258
1830 431
681 1722
358 852
1892 723
855 97
1031 88
1215 386
359 710
288 646
1866 957
1961 259
1810 803
127 775
1158 702
963 986
942 1664
960 1295
315 1456
1524 553
992 98
473 1722
1393 776
318 1671
727 369
1654 151
334 1760
1661 666
1387 105
1731 1447
1708 340
1334 1869
1054 1075
512 1739
1765 1216
1322 1883
1116 64
1099 536
265 228
1730 1
1724 718
124 838
1556 1296
882 751
702 303
1394 1052
1531 1671
536 471
1772 1961
600 1686
557 1296
1403 1772
811 1937
1876 1407
1539 1519
1294 1700
1385 1326
660 1094
673 1280
1708 454
1614 12
465 1693
229 252
1371 172
1901 1285
909 404
501 1170
1195 1202
1377 1081
550 770
387 319
822 84
530 1815
1731 1260
1338 917
335 1859
447 1265
563 860
591 7
37 817
1492 716
1539 651
1762 1067
478 1807
1939 797
1478 1222
1292 438
1070 902
604 108
1516 1308
1073 1411
271 539
646 1060
1981 989
1005 1676
1352 1864
1797 1200
669 396
200 47
1305 1545
1428 383
1479 302
852 1929
1450 876
1594 785
1476 761
331 478
481 1936
1943 1752
627 1765
515 735
1754 1670
661 87
32 173
1195 769
1534 771
457 614
431 607
237 1804
879 715
1953 1723
1599 1991
1324 585
1720 1191
1525 481
137 1255
213 595
110 1087
135 149
255 354
1343 998
771 1856
229 803
1247 1628
1501 355
1008 759
467 365
416 1051
1848 1305
407 356
1716 980
178 152
551 685
761 1672
352 1964
495 878
1576 1330
987 166
284 348
1422 1626
1302 1153
832 965
1431 507
108 809
1699 1746
100 1643
1192 1476
978 844
412 641
733 83
1507 802
516 198
266 1657
1770 1976
915 1732
190 1820
237 891
1205 359
1407 601
1207 1988
1376 40
979 769
1174 853
991 534
1866 1138
608 982
1396 1450
946 445
345 911
1204 1754
77 15
900 487
1366 309
498 1299
591 1516
1908 384
1029 1615
1862 1032
1506 1851
667 955
1027 838
836 115
232 1064
1868 1464
1112 839
1374 1440
1791 18
1123 1150
213 963
988 1195
475 167
520 226
1573 410
1426 85
1951 411
1707 1662
493 559
655 1663
1491 1505
519 1291
301 1767
1850 973
444 1280
1152 1142
1614 377
1685 1173
456 719
1926 1358
515 398
188 1197
1377 1576
786 147
810 738
1284 367
855 632
390 1625
1642 625
1342 231
1768 1309
351 850
868 1034
1891 419
394 598
132 1383
1012 991
967 146
1916 1430
1701 607
1535 594
1943 854
1674 257
1198 806
1636 1434
141 801
1832 365
243 391
317 1051
1193 1115
1412 914
1172 1410
1165 1233
839 1913
309 1242
1032 1286
496 1285
637 1511
1088 945
723 1191
1712 1589
1787 575
1887 1125
1345 1321
1644 1856
778 1295
1706 1318
1514 1218
1248 103
1328 55
112 343
1534 1291
1345 637
1160 1912
204 171
1640 1216
752 711
1308 1237
1810 232
1085 251
772 29
1068 1237
944 1751
11 732
1186 310
1254 1870
1312 1681
1516 1171
502 1183
638 1019
482 627
1042 676
1609 597
1140 1399
228 1786
282 897
843 149
83 351
1563 1223
1451 1859
1959 562
1485 260
1529 124
1942 1554
1555 703
818 1654
151 1533
485 1639
1871 1969
680 1689
1129 608
1549 1584
1907 734
241 1027
767 60
1310 1932
659 255
1978 667
608 365
1871 362
1292 1473
1544 1148
1902 1262
1188 1166
598 207
698 1599
198 1900
1898 1052
225 138
956 1444
719 714
1751 218
314 1585
607 361
1864 279
924 802
133 1928
1156 496
971 1097
1412 1773
1921 357
1264 285
1886 1285
196 888
633 1421
246 278
735 1219
1531 386
1231 1723
1586 1617
1429 254
1025 1340
657 185
1194 296
1315 1362
1113 55
1190 1461
301 1143
86 172
496 281
1695 589
1093 380
1428 509
1037 744
648 1714
1078 1718
476 1255
1393 444
182 104
494 455
410 1389
1462 1185
327 1940
1765 434
945 679
1378 562
1335 972
1628 460
385 1195
755 1615
487 842
288 270
1904 500
1185 743
966 745
645 705
1794 1263
1424 1790
1866 294
1164 1104
116 713
925 72
309 287
1007 1161
266 209
1694 955
706 663
914 732
374 1660
1253 1937
230 352
258 762
594 235
1787 707
417 734
935 1014
146 358
790 814
748 410
659 71
1380 1028
1605 753
763 157
1617 99
913 1584
1440 413
506 1392
233 229
1483 1621
1418 1539
1058 1202
1624 472
1471 674
1169 377
546 1249
378 1018
1266 231
1018 21
1847 1007
1202 681
645 742
1463 575
1798 1998
910 392
579 1186
1330 1315
1743 1012
1061 651
1088 1666
993 1996
218 392
1098 1590
1577 1518
1442 458
1930 130
216 1793
1911 545
1214 1452
1262 462
1029 326
1774 485
151 1302
1805 537
1905 1537
1528 89
1147 1644
1847 258
1445 1295
1852 894
1152 116
56 1850
1159 1775
859 133
1944 664
1862 964
338 563
1102 866
108 401
960 1813
608 543
811 1484
547 796
862 1028
737 297
1295 1770
1353 552
741 1562
1811 1463
611 534
42 150
1138 579
26 3
394 1261
534 807
1212 1883
982 1466
1406 1917
1132 929
1300 1666
594 904
151 1830
1009 1290
325 1048
1632 221
1078 1209
871 1243
1654 1056
1727 1674
1059 1339
1769 13
1269 1776
1063 452
868 674
1595 47
843 1663
154 1056
1912 758
988 109
1548 326
706 1061
1573 1985
261 1514
853 1871
711 924
463 1967
1640 855
1630 697
824 1858
1730 174
611 1993
1704 753
1214 1029
756 1247
1917 1830
190 1049
1982 1042
86 306
1349 1432
1541 1700
469 1629
82 1165
1640 1064
525 1127
107 1465
1419 1670
1641 35
463 522
259 251
1249 1700
1017 1272
62 1253
1943 1818
412 1521
1198 1960
1992 931
189 1778
350 1370
1325 1572
1940 689
134 1099
1892 749
49 1586
436 1999
411 1814
915 1865
291 360
1234 237
1521 272
876 257
1586 927
1412 1295
1748 717
138 297
170 1744
857 1737
44 1102
480 1095
1199 1546
1610 196
1580 154
1293 34
1328 105
844 1046
960 489
921 710
38 1376
1131 557
876 723
311 414
948 1344
446 997
1713 1493
451 1000
1462 430
1335 972
745 1483
1059 4
1588 736
1857 597
104 1463
1400 725
685 816
1618 417
1739 696
1339 13
446 855
1544 1527
90 851
194 1765
1739 1939
926 1340
1751 686
218 1490
1538 1649
54 1643
637 255
156 560
1245 98
1357 191
1443 1824
170 1835
877 1594
1851 1203
729 1086
816 160
353 972
802 72
1464 613
1173 289
1151 1263
605 991
1156 885
1881 973
1703 11
944 1114
314 208
311 1643
869 1692
1516 1407
276 1912
258 656
573 1069
1529 1172
145 197
169 371
543 238
651 3
783 1501
564 928
546 687
815 1479
1395 970
726 465
442 834
925 1165
253 1927
1819 1350
579 540
1749 948
1367 1666
553 318
805 115
1700 1597
1732 1163
1392 1323
560 481
1374 1226
1363 275
1227 1970
31 607
1698 1858
1914 446
15 616
871 1898
603 283
253 1169
1465 853
1206 1442
27 943
1942 1492
1714 948
1126 21
512 1943
1724 1536
1611 561
441 1624
833 1266
62 1825
979 153
1532 1518
223 767
1863 500
942 1901
1062 734
1254 1597
1369 1818
45 446
327 912
827 802
372 3
1306 722
27 720
45 641
1326 547
1706 1453
471 122
357 834
249 1409
907 856
1144 91
680 45
1762 722
1893 622
248 1718
1633 958
477 1777
1579 1801
1386 1388
857 770
1884 314
1737 217
107 1490
1889 1992
1063 74
468 1084
593 718
628 609
323 608
1279 999
909 362
1864 592
1629 1199
1314 971
1162 303
1707 1307
1885 1673
739 1936
317 1419
375 1079
726 981
1806 1053
1829 507
1664 1487
626 1721
606 717
217 641
1874 652
1831 1375
1236 1275
895 14
437 1550
486 356
60 1894
1601 1832
475 1
904 20
1309 621
615 693
1166 1144
593 1903
343 1332
1506 1854
1188 1702
575 135
1348 1037
972 1965
237 1327
522 1679
1113 351
506 1502
1457 331
1795 877
116 1266
1308 705
1907 899
550 280
109 1824
1065 198
930 1714
1130 538
342 1414
933 1087
5 260
1101 1774
797 1072
445 977
1132 1625
826 642
1447 287
183 1138
675 99
1988 902
756 118
229 444
1472 1907
122 1515
703 360
512 1560
1586 1487
531 885
1517 1276
542 244
1794 479
753 1417
634 713
1374 1981
1971 1483
640 671
321 793
1560 1269
1250 1406
245 480
835 1449
799 605
376 597
1520 1368
348 1287
1392 1883
1301 832
1420 1252
1458 1651
50 1317
1045 560
620 885
855 366
870 1348
796 423
1294 299
884 1581
263 1202
75 778
9 1531
926 1958
1800 491
1930 306
544 857
1315 1521
810 111
237 102
398 1406
891 1719
901 382
754 257
1273 706
1944 1766
1243 1210
239 1650
1216 290
1304 27
1370 1832
1541 615
175 699
1152 679
1896 286
1841 1712
552 796
784 1034
807 534
1943 1346
666 200
3 1642
1184 345
679 1377
491 17
173 1373
73 1077
1226 243
655 446
237 89
1441 647
612 52
1472 1093
282 331
1904 225
817 252
181 609
696 1404
1866 1205
73 922
1853 684
946 781
490 1719
1389 1084
1299 1525
1231 332
1545 462
457 708
1657 779
622 876
1702 1266
962 1060
1774 976
1851 641
444 975
1768 1714
154 535
1722 1025
1153 1217
1474 1924
463 22
201 899
851 54
1830 1797
87 1796
16 1619
1227 1534
704 1934
1034 219
1201 716
1771 365
631 1917
1174 775
297 1052
1377 968
253 1777
1751 1268
1999 1587
1780 227
237 618
255 1587
850 707
1011 1689
989 93
140 757
941 753
1003 1459
1563 814
1334 1486
1764 1826
143 1823
354 1940
543 547
118 1230
607 122
1220 857
611 1180
1226 752
1075 134
430 183
1352 1746
628 340
1839 549
457 635
1452 385
1855 1991
1759 1355
1685 740
780 1255
1905 666
89 847
685 20
1737 1826
1484 1647
1679 1673
983 1998
498 566
345 314
1164 373
355 6
254 1284
1820 1776
980 191
1817 980
896 468
725 907
1750 1525
653 720
163 1099
1083 771
1963 1352
76 199
1566 389
1728 1910
854 1210
1358 1684
495 908
817 1184
211 1392
1971 903
481 1966
421 1779
1193 544
1880 1009
1623 362
939 1104
1114 1044
1377 789
1888 1411
1502 1516
688 1014
1838 729
1667 1547
658 1612
511 1841
1016 818
82 777
613 488
248 1574
1426 203
952 1107
1169 1083
1425 1235
1066 286
1613 404
1574 32
543 893
1751 1896
974 1590
1586 1158
1278 1735
1770 1337
567 9
410 1581
1076 1832
1455 1185
123 682
880 839
356 1545
987 1892
1879 44
1645 71
1814 1508
1149 1366
1701 130
1365 1364
194 678
1918 1871
916 258
8 486
1364 780
1331 536
1522 275
428 1224
1766 89
359 1420
452 1503
966 820
939 1630
195 1911
1146 737
928 1993
1743 336
520 154
1342 8
1889 680
282 1174
1537 676
1363 418
1258 178
1932 888
132 1514
423 817
1429 267
496 1152
1327 1935
787 137
1798 538
698 1948
652 1660
839 1311
619 438
827 553
767 665
800 283
1022 1994
1897 217
260 1617
484 1926
639 1809
1945 1790
676 1138
819 1820
188 10
871 1324
718 1594
293 1051
1754 36
1178 1434
1551 1595
1071 834
986 146
1794 1249
1725 711
1792 1970
1479 921
1707 587
229 35
1629 784
885 1085
1786 229
1410 296
731 1728
1361 1239
1132 525
583 637
579 1899
149 337
555 1635
81 1214
61 1129
850 1495
170 1116
1255 1288
1192 1095
1685 551
262 1738
988 1449
653 754
532 881
1669 1476
281 52
929 1690
1152 968
1704 788
1269 1531
129 1312
1251 607
1098 1828
815 419
197 231
81 1165
1680 319
1503 1715
1103 1750
1560 392
1832 774
122 1188
683 707
321 189
1020 1992
717 1409
1854 329
1406 1302
910 1751
239 568
1593 1299
508 385
1451 474
289 1864
1461 942
880 944
986 917
1550 1328
182 442
923 1315
44 322
1069 70
154 681
1400 1327
1067 747
588 1469
329 974
314 1242
1116 700
148 636
1092 495
257 523
607 1333
777 366
1975 707
419 702
1451 1398
1897 428
1656 1716
1076 478
916 641
1242 1508
904 1086
864 1833
1351 955
1165 453
1247 1421
510 655
282 1067
1167 1008
1121 1874
828 227
1326 1369
405 1624
1133 511
359 376
1759 336
301 482
202 1798
1618 20
304 139
49 86
1529 717
299 1856
544 1179
916 123
56 1868
139 805
137 175
1284 590
1979 1420
1556 479
1261 489
232 155
1411 1497
1219 286
1434 1200
370 1762
1320 545
1805 384
837 456
668 435
864 291
1539 1000
480 299
1564 1330
808 1648
47 1722
501 419
977 1731
55 1693
727 363
1737 1436
5 1358
1055 1295
1351 437
1628 374
666 171
685 252
168 1952
6 1265
495 887
1862 1248
1181 1914
761 335
1835 781
1466 37
818 400
1827 310
46 1966
1875 569
1629 226
586 1242
1844 377
308 1564
623 1874
1935 1142
195 1138
251 1262
1218 757
1678 1684
89 622
481 1989
409 1056
986 208
913 1125
662 164
1572 1499
1139 776
1260 159
711 693
811 1921
993 1454
1322 1287
1706 1232
1888 1342
1127 1636
432 1610
1406 497
192 1199
787 718
1121 1208
510 277
1824 1413
1098 1971
1960 1490
1740 796
913 1041
1982 380
1513 1226
1511 728
1581 1609
345 1219
53 181
1031 797
1834 1009
33 1045
660 1932
1037 1343
452 1267
20 352
1290 1237
1670 502
1044 327
1435 901
36 430
1607 1788
1101 1578
1624 662
650 51
1439 1565
1259 795
265 1800
1372 1666
1209 517
372 1225
1572 754
695 862
1017 1957
24 566
139 524
1775 1961
748 303
739 902
871 1073
1284 1031
330 1909
1367 624
1535 1180
1951 417
229 1325
1604 1675
1456 62
1043 1119
185 207
1906 1890
259 1830
30 461
12 436
1699 192
876 519
39 838
1741 1529
707 1908
854 405
1231 1820
230 1705
889 1278
1402 903
354 413
651 1958
1493 1567
1575 1670
773 1966
1354 705
834 1597
136 1964
167 1812
1210 365
1475 1692
1395 470
1858 1990
1870 287
839 1413
358 1410
1768 876
1393 144
1734 1538
202 1
648 1250
938 489
899 927
1458 549
1272 149
1815 357
170 1818
586 884
1082 1044
659 1186
1857 1908
937 1938
1929 208
1457 815
1288 558
305 1018
666 1323
1152 799
603 1036
1996 966
638 1228
886 1045
636 229
1790 1586
396 522
1959 1957
427 1520
231 796
537 1004
1518 73
1136 439
1824 1222
1 943
1632 1241
988 1559
234 290
1116 1567
1709 1281
1534 1358
292 1092
1596 1595
832 206
1930 635
1876 340
667 325
1820 1905
657 562
1546 1545
1359 512
158 58
1501 149
1602 1150
920 992
31 893
1475 443
1568 1472
1086 605
1265 400
1937 1196
1667 781
1093 863
1471 186
639 929
900 1238
922 1874
431 838
384 1016
1718 109
452 372
17 941
1183 687
1989 1303
1798 1490
366 1103
1460 372
1609 139
1129 702
1515 298
1166 571
34 993
212 731
1254 1712
1929 727
1690 980
694 1102
421 37
503 798
152 1360
407 1663
284 303
1144 1577
89 1427
1132 917
1605 1252
1492 833
1319 767
1362 829
951 990
540 947
1284 1110
256 36
801 554
542 1164
1005 28
1927 1959
397 1860
1168 414
376 441
227 826
1503 844
82 1785
1496 1780
1832 1021
1654 99
590 801
838 136
951 152
1479 1598
1721 862
1415 402
184 384
1463 642
1281 423
890 1744
1680 1183
1135 1205
190 1398
536 275
410 1023
951 963
1779 1718
356 1117
607 1631
1069 1526
1195 599
187 1812
1328 1692
732 1004
894 1768
1443 188
1400 456
1224 1029
171 300
1149 1104
1372 407
1518 1986
893 693
1108 842
636 1244
806 871
185 844
108 566
865 1712
1394 88
1067 310
422 1331
191 1163
718 655
1454 1199
56 481
274 760
1168 820
835 1107
391 755
850 149
1398 803
86 239
1616 765
1488 1392
1324 1753
445 676
775 214
1833 90
1157 1127
1018 1524
1456 1031
144 840
1007 685
614 675
244 810
85 1772
1138 719
1782 854
1912 684
434 1104
751 1204
1192 1255
1532 812
457 363
642 705
1524 1550
1063 249
1769 777
1297 881
396 1529
1645 1494
665 86
1004 656
686 1252
1579 648
457 1619
653 1435
1118 113
1047 1478
1157 1152
759 993
895 1633
1282 776
1683 575
1897 1908
1049 729
1495 985
81 1751
1866 1528
1681 1678
635 229
1514 286
1708 371
517 968
269 715
1536 989
394 1339
15 930
613 1387
128 1072
1003 554
127 200
1334 263
755 643
1951 1501
1555 1543
1165 1878
1353 229
206 640
833 783
785 1996
1197 1800
1438 387
1657 868
883 611
1189 1886
460 760
1093 744
813 774
1473 477
303 1473
1225 1267
85 1535
1753 1100
761 1814
741 715
888 208
1121 1459
1271 1661
1392 219
609 247
1607 430
1726 1504
1548 1840
1169 375
1152 1482
1806 1514
391 1350
1302 1670
848 854
1744 697
1717 1503
310 1144
33 1075
1609 1837
1384 1516
994 1625
232 1908
423 359
1754 1857
373 560
517 94
1840 1947
1855 277
1909 700
1457 729
215 1949
662 95
1198 1915
1951 1516
713 1159
646 953
1707 701
1581 1076
1161 1713
67 1713
1343 1253
674 1997
618 679
1464 3
933 743
79 647
419 1831
1067 1311
949 523
736 290
1961 895
1102 920
1184 1208
1546 641
1914 1010
1578 3
896 1113
1500 1019
1038 1652
1939 1332
827 91
847 1013
934 1337
1129 260
927 1884
1464 1208
495 473
594 733
117 1677
1923 1425
1597 831
1683 1099
1295 1889
1751 1595
1986 821
678 524
1291 123
1782 694
1046 1512
515 33
447 435
555 403
222 122
57 458
173 1233
267 1510
135 410
978 845
1230 624
263 978
1145 909
757 144
1000 1548
710 1856
598 505
1725 394
1946 468
973 535
538 1428
1380 949
1788 1848
1512 805
1274 57
1309 1918
226 747
1711 1604
1031 1234
354 1027
727 721
1028 645
698 1150
1756 211
468 114
1121 1832
359 1164
745 609
1304 69
1965 241
700 174
1733 913
254 181
1461 1669
880 871
1859 1305
492 1887
644 1066
278 1725
595 1937
1520 1761
1389 602
1625 326
1596 723
1875 1101
957 1440
1839 1662
1888 971
872 1987
1084 216
232 1488
1756 791
1627 1370
1002 1187
318 1560
1894 903
771 1191
1812 704
